<?xml version="1.0"?>
<opencv_storage>
<mtxL type_id="opencv-matrix">
  <rows>3</rows>
  <cols>3</cols>
  <dt>d</dt>
  <data>
    4.7356929692406029e+03 0. 2.0440155045622223e+03 0.
    4.7311617896401740e+03 1.5092846307322995e+03 0. 0. 1.</data></mtxL>
<distL type_id="opencv-matrix">
  <rows>1</rows>
  <cols>5</cols>
  <dt>d</dt>
  <data>
    -1.4999343842066448e-01 9.3391972549692781e-02
    4.8129423645065816e-04 5.7189866774493068e-04 1.5370696811023066e-01</data></distL>
<rectL type_id="opencv-matrix">
  <rows>3</rows>
  <cols>3</cols>
  <dt>d</dt>
  <data>
    9.9991983040898158e-01 1.2191752177702322e-02 3.4196394124104529e-03
    -1.2190782096812550e-02 9.9992564332762290e-01
    -3.0438085913622514e-04 -3.4230960754052433e-03
    2.6266837812083561e-04 9.9999410669192523e-01</data></rectL>
<proj_matL type_id="opencv-matrix">
  <rows>3</rows>
  <cols>4</cols>
  <dt>d</dt>
  <data>
    4.7570466646542827e+03 0. 2.0589498901367188e+03 0. 0.
    4.7570466646542827e+03 1.5141335296630859e+03 0. 0. 0. 1. 0.</data></proj_matL>
<wL>4112</wL>
<hL>3008</hL>
<mtxR type_id="opencv-matrix">
  <rows>3</rows>
  <cols>3</cols>
  <dt>d</dt>
  <data>
    4.7310157736573046e+03 0. 2.0430805546981333e+03 0.
    4.7262216569295306e+03 1.5176280817972438e+03 0. 0. 1.</data></mtxR>
<distR type_id="opencv-matrix">
  <rows>1</rows>
  <cols>5</cols>
  <dt>d</dt>
  <data>
    -1.5037477053116058e-01 1.2595123489052876e-01
    4.9054899460879695e-04 -1.9105663000490983e-04
    -3.8283209278681257e-02</data></distR>
<rectR type_id="opencv-matrix">
  <rows>3</rows>
  <cols>3</cols>
  <dt>d</dt>
  <data>
    9.9992441871748128e-01 -8.2073016827344004e-03
    -9.1540729511947194e-03 8.2098968589372403e-03
    9.9996626798037591e-01 2.4595724136360200e-04 9.1517455205453631e-03
    -3.2109264636838165e-04 9.9995807034767192e-01</data></rectR>
<proj_matR type_id="opencv-matrix">
  <rows>3</rows>
  <cols>4</cols>
  <dt>d</dt>
  <data>
    4.7570466646542827e+03 0. 2.0589498901367188e+03
    -3.8969132142981910e+05 0. 4.7570466646542827e+03
    1.5141335296630859e+03 0. 0. 0. 1. 0.</data></proj_matR>
<wR>4112</wR>
<hR>3008</hR>
<baselineLR>8.1918751044696705e+01</baselineLR>
</opencv_storage>
