<?xml version="1.0"?>
<opencv_storage>
<mtxL type_id="opencv-matrix">
  <rows>3</rows>
  <cols>3</cols>
  <dt>d</dt>
  <data>
    4.7423299971908400e+03 0. 2.0569050067138151e+03 0.
    4.7405386911044543e+03 1.5008563990265820e+03 0. 0. 1.</data></mtxL>
<distL type_id="opencv-matrix">
  <rows>1</rows>
  <cols>5</cols>
  <dt>d</dt>
  <data>
    -1.6977257989469935e-01 2.7881694606170127e-01
    -4.3077345706816697e-04 1.0432243904149199e-03
    -3.8893887377079173e-01</data></distL>
<rectL type_id="opencv-matrix">
  <rows>3</rows>
  <cols>3</cols>
  <dt>d</dt>
  <data>
    9.9985002229941933e-01 1.0882066387171797e-02 1.3472696055208929e-02
    -1.0933485527180245e-02 9.9993320051136148e-01
    3.7487877150040997e-03 -1.3431001529215784e-02
    -3.8955290077743432e-03 9.9990221174456451e-01</data></rectL>
<proj_matL type_id="opencv-matrix">
  <rows>3</rows>
  <cols>4</cols>
  <dt>d</dt>
  <data>
    4.8483156443645712e+03 0. 2.0223854522705078e+03 0. 0.
    4.8483156443645712e+03 1.5050063018798828e+03 0. 0. 0. 1. 0.</data></proj_matL>
<wL>4112</wL>
<hL>3008</hL>
<mtxR type_id="opencv-matrix">
  <rows>3</rows>
  <cols>3</cols>
  <dt>d</dt>
  <data>
    4.7321539048367349e+03 0. 2.0543332595577940e+03 0.
    4.7301269887879680e+03 1.5100772382695802e+03 0. 0. 1.</data></mtxR>
<distR type_id="opencv-matrix">
  <rows>1</rows>
  <cols>5</cols>
  <dt>d</dt>
  <data>
    -1.5392456296521112e-01 1.7398813819498574e-01
    1.3995899988090236e-04 4.1336252976366205e-04
    -2.5972441545770375e-01</data></distR>
<rectR type_id="opencv-matrix">
  <rows>3</rows>
  <cols>3</cols>
  <dt>d</dt>
  <data>
    9.9993642188341281e-01 -1.1231403384774675e-02
    -1.0038769875047931e-03 1.1227484154834559e-02
    9.9992964253988637e-01 -3.8279981201542589e-03
    1.0468001483132858e-03 3.8164837302728872e-03 9.9999216930003310e-01</data></rectR>
<proj_matR type_id="opencv-matrix">
  <rows>3</rows>
  <cols>4</cols>
  <dt>d</dt>
  <data>
    4.8483156443645712e+03 0. 2.0223854522705078e+03
    -4.0187590244017402e+05 0. 4.8483156443645712e+03
    1.5050063018798828e+03 0. 0. 0. 1. 0.</data></proj_matR>
<wR>4112</wR>
<hR>3008</hR>
<baselineLR>8.2889797595437813e+01</baselineLR>
</opencv_storage>
