<?xml version="1.0"?>
<opencv_storage>
<mtxL type_id="opencv-matrix">
  <rows>3</rows>
  <cols>3</cols>
  <dt>d</dt>
  <data>
    4.7430688297641955e+03 0. 2.0314385720089256e+03 0.
    4.7405833357493866e+03 1.4924359917005379e+03 0. 0. 1.</data></mtxL>
<distL type_id="opencv-matrix">
  <rows>1</rows>
  <cols>5</cols>
  <dt>d</dt>
  <data>
    -1.5420820336321858e-01 1.2974103764807010e-01
    -2.1124010526046613e-04 -3.7569091369920541e-04
    3.2136422287584267e-02</data></distL>
<rectL type_id="opencv-matrix">
  <rows>3</rows>
  <cols>3</cols>
  <dt>d</dt>
  <data>
    9.9987638561866099e-01 1.4960139766477859e-02 4.8381505071792182e-03
    -1.4963028226970080e-02 9.9988789004031620e-01
    5.6137064711756174e-04 -4.8292099189792374e-03
    -6.3369463623757258e-04 9.9998813851098578e-01</data></rectL>
<proj_matL type_id="opencv-matrix">
  <rows>3</rows>
  <cols>4</cols>
  <dt>d</dt>
  <data>
    4.8043272936515632e+03 0. 2.0380714263916016e+03 0. 0.
    4.8043272936515632e+03 1.4963320007324219e+03 0. 0. 0. 1. 0.</data></proj_matL>
<wL>4112</wL>
<hL>3008</hL>
<mtxR type_id="opencv-matrix">
  <rows>3</rows>
  <cols>3</cols>
  <dt>d</dt>
  <data>
    4.7346642232465992e+03 0. 2.0295981240461490e+03 0.
    4.7331722903712061e+03 1.5016636927152624e+03 0. 0. 1.</data></mtxR>
<distR type_id="opencv-matrix">
  <rows>1</rows>
  <cols>5</cols>
  <dt>d</dt>
  <data>
    -1.5431498742627583e-01 1.8486953685022328e-01
    -2.2888149274489554e-04 -8.2744842043624826e-04
    -2.3722038989340741e-01</data></distR>
<rectR type_id="opencv-matrix">
  <rows>3</rows>
  <cols>3</cols>
  <dt>d</dt>
  <data>
    9.9993686799300485e-01 -6.8800573322164698e-03
    -8.8839652996528344e-03 6.8747473967555855e-03
    9.9997617138602923e-01 -6.2809901245070661e-04
    8.8880749642891495e-03 5.6698434198279991e-04 9.9996033953961661e-01</data></rectR>
<proj_matR type_id="opencv-matrix">
  <rows>3</rows>
  <cols>4</cols>
  <dt>d</dt>
  <data>
    4.8043272936515632e+03 0. 2.0380714263916016e+03
    -3.9417157717003539e+05 0. 4.8043272936515632e+03
    1.4963320007324219e+03 0. 0. 0. 1. 0.</data></proj_matR>
<wR>4112</wR>
<hR>3008</hR>
<baselineLR>8.2045113306683646e+01</baselineLR>
</opencv_storage>
