<?xml version="1.0"?>
<opencv_storage>
<mtxL type_id="opencv-matrix">
  <rows>3</rows>
  <cols>3</cols>
  <dt>d</dt>
  <data>
    4.7392236894594798e+03 0. 2.0633874493398926e+03 0.
    4.7389183490866935e+03 1.4846912065251627e+03 0. 0. 1.</data></mtxL>
<distL type_id="opencv-matrix">
  <rows>1</rows>
  <cols>5</cols>
  <dt>d</dt>
  <data>
    -1.6225097751480860e-01 2.4780805781951906e-01
    -8.9563196477236435e-04 2.9924991222149330e-04
    -3.9352252269413290e-01</data></distL>
<rectL type_id="opencv-matrix">
  <rows>3</rows>
  <cols>3</cols>
  <dt>d</dt>
  <data>
    9.9972016907051398e-01 1.7185942989672864e-02 1.6255058202872180e-02
    -1.7165918598132213e-02 9.9985171532333139e-01
    -1.3706216378878103e-03 -1.6276203252151487e-02
    1.0912050896425213e-03 9.9986693838687712e-01</data></rectL>
<proj_matL type_id="opencv-matrix">
  <rows>3</rows>
  <cols>4</cols>
  <dt>d</dt>
  <data>
    4.8198211797042504e+03 0. 2.0073297729492188e+03 0. 0.
    4.8198211797042504e+03 1.4898027343750000e+03 0. 0. 0. 1. 0.</data></proj_matL>
<wL>4112</wL>
<hL>3008</hL>
<mtxR type_id="opencv-matrix">
  <rows>3</rows>
  <cols>3</cols>
  <dt>d</dt>
  <data>
    4.7289022958276755e+03 0. 2.0546895952712512e+03 0.
    4.7293164967443909e+03 1.4977443301954756e+03 0. 0. 1.</data></mtxR>
<distR type_id="opencv-matrix">
  <rows>1</rows>
  <cols>5</cols>
  <dt>d</dt>
  <data>
    -1.5213211414892638e-01 1.3280670429345653e-01
    -3.0814526780523579e-04 -5.7650495387890938e-04
    -2.7111420884918312e-03</data></distR>
<rectR type_id="opencv-matrix">
  <rows>3</rows>
  <cols>3</cols>
  <dt>d</dt>
  <data>
    9.9999023026137812e-01 -3.9802741981514603e-03
    1.9227061927752009e-03 3.9779043262484501e-03 9.9999132570249827e-01
    1.2348266807103410e-03 -1.9276044634260912e-03
    -1.2271662754940616e-03 9.9999738919857428e-01</data></rectR>
<proj_matR type_id="opencv-matrix">
  <rows>3</rows>
  <cols>4</cols>
  <dt>d</dt>
  <data>
    4.8198211797042504e+03 0. 2.0073297729492188e+03
    -3.9475284317278763e+05 0. 4.8198211797042504e+03
    1.4898027343750000e+03 0. 0. 0. 1. 0.</data></proj_matR>
<wR>4112</wR>
<hR>3008</hR>
<baselineLR>8.1901968652913808e+01</baselineLR>
</opencv_storage>
