<?xml version="1.0"?>
<opencv_storage>
<mtxL type_id="opencv-matrix">
  <rows>3</rows>
  <cols>3</cols>
  <dt>d</dt>
  <data>
    4.7412952594090766e+03 0. 2.0551034873937929e+03 0.
    4.7388472723131645e+03 1.5092690500008455e+03 0. 0. 1.</data></mtxL>
<distL type_id="opencv-matrix">
  <rows>1</rows>
  <cols>5</cols>
  <dt>d</dt>
  <data>
    -1.6389252429727452e-01 2.3388186069509947e-01
    -3.4656324736668051e-04 9.4236343388358888e-04
    -3.0098347960299182e-01</data></distL>
<rectL type_id="opencv-matrix">
  <rows>3</rows>
  <cols>3</cols>
  <dt>d</dt>
  <data>
    9.9986684267302983e-01 1.2260569385148188e-02 1.0769185736103580e-02
    -1.2259776048819070e-02 9.9992483636523544e-01
    -1.3968246203779737e-04 -1.0770088871477901e-02
    7.6360569418101057e-06 9.9994200088174667e-01</data></rectL>
<proj_matL type_id="opencv-matrix">
  <rows>3</rows>
  <cols>4</cols>
  <dt>d</dt>
  <data>
    4.7857341730605358e+03 0. 2.0325521240234375e+03 0. 0.
    4.7857341730605358e+03 1.5139910583496094e+03 0. 0. 0. 1. 0.</data></proj_matL>
<wL>4112</wL>
<hL>3008</hL>
<mtxR type_id="opencv-matrix">
  <rows>3</rows>
  <cols>3</cols>
  <dt>d</dt>
  <data>
    4.7349577671138104e+03 0. 2.0584199235735796e+03 0.
    4.7320053424168218e+03 1.5194387864606281e+03 0. 0. 1.</data></mtxR>
<distR type_id="opencv-matrix">
  <rows>1</rows>
  <cols>5</cols>
  <dt>d</dt>
  <data>
    -1.5482195619791925e-01 1.6943921409858892e-01
    -1.1936385524572189e-04 6.5422216065860999e-04
    -1.6898382015727401e-01</data></distR>
<rectR type_id="opencv-matrix">
  <rows>3</rows>
  <cols>3</cols>
  <dt>d</dt>
  <data>
    9.9998572401591901e-01 -5.1507285380575111e-03
    -1.4218860311454185e-03 5.1508332630160435e-03
    9.9998673192032739e-01 6.9999999507698075e-05 1.4215066144531449e-03
    -7.7322898054212202e-05 9.9999898666954390e-01</data></rectR>
<proj_matR type_id="opencv-matrix">
  <rows>3</rows>
  <cols>4</cols>
  <dt>d</dt>
  <data>
    4.7857341730605358e+03 0. 2.0325521240234375e+03
    -3.9179381370250665e+05 0. 4.7857341730605358e+03
    1.5139910583496094e+03 0. 0. 0. 1. 0.</data></proj_matR>
<wR>4112</wR>
<hR>3008</hR>
<baselineLR>8.1867023853510375e+01</baselineLR>
</opencv_storage>
