<?xml version="1.0"?>
<opencv_storage>
<mtxL type_id="opencv-matrix">
  <rows>3</rows>
  <cols>3</cols>
  <dt>d</dt>
  <data>
    4.7391019091983462e+03 0. 2.0265755190954537e+03 0.
    4.7374254416308650e+03 1.5232450592002797e+03 0. 0. 1.</data></mtxL>
<distL type_id="opencv-matrix">
  <rows>1</rows>
  <cols>5</cols>
  <dt>d</dt>
  <data>
    -1.5744705358404737e-01 2.1847823349639262e-01
    1.2197437050538702e-03 -4.3715496949959620e-04
    -2.4467817693306498e-01</data></distL>
<rectL type_id="opencv-matrix">
  <rows>3</rows>
  <cols>3</cols>
  <dt>d</dt>
  <data>
    9.9984750330027039e-01 1.2284369339142526e-02 1.2412268694938708e-02
    -1.2286758514839175e-02 9.9992450817672707e-01
    1.1624426181798794e-04 -1.2409903682698245e-02
    -2.6873308302775216e-04 9.9992295806882847e-01</data></rectL>
<proj_matL type_id="opencv-matrix">
  <rows>3</rows>
  <cols>4</cols>
  <dt>d</dt>
  <data>
    4.7898096767436164e+03 0. 1.9883241577148438e+03 0. 0.
    4.7898096767436164e+03 1.5300712280273438e+03 0. 0. 0. 1. 0.</data></proj_matL>
<wL>4112</wL>
<hL>3008</hL>
<mtxR type_id="opencv-matrix">
  <rows>3</rows>
  <cols>3</cols>
  <dt>d</dt>
  <data>
    4.7283943616147899e+03 0. 2.0147296345097300e+03 0.
    4.7267859395013757e+03 1.5321911827969232e+03 0. 0. 1.</data></mtxR>
<distR type_id="opencv-matrix">
  <rows>1</rows>
  <cols>5</cols>
  <dt>d</dt>
  <data>
    -1.5169277906548295e-01 1.6908095397140510e-01
    1.3166492624176488e-03 -1.4471172286970005e-03
    -1.0384512690312189e-01</data></distR>
<rectR type_id="opencv-matrix">
  <rows>3</rows>
  <cols>3</cols>
  <dt>d</dt>
  <data>
    9.9998192477022441e-01 -5.3950246549485320e-03
    -2.6540237017816000e-03 5.3945136637069280e-03
    9.9998542957385206e-01 -1.9965552943140087e-04
    2.6550621780290391e-03 1.8533475348872351e-04 9.9999645814165750e-01</data></rectR>
<proj_matR type_id="opencv-matrix">
  <rows>3</rows>
  <cols>4</cols>
  <dt>d</dt>
  <data>
    4.7898096767436164e+03 0. 1.9883241577148438e+03
    -3.9247901829488762e+05 0. 4.7898096767436164e+03
    1.5300712280273438e+03 0. 0. 0. 1. 0.</data></proj_matR>
<wR>4112</wR>
<hR>3008</hR>
<baselineLR>8.1940420347080916e+01</baselineLR>
</opencv_storage>
