<?xml version="1.0"?>
<opencv_storage>
<mtxL type_id="opencv-matrix">
  <rows>3</rows>
  <cols>3</cols>
  <dt>d</dt>
  <data>
    4.7273798095886941e+03 0. 2.0512561361621288e+03 0.
    4.7266798720534771e+03 1.5219917550683904e+03 0. 0. 1.</data></mtxL>
<distL type_id="opencv-matrix">
  <rows>1</rows>
  <cols>5</cols>
  <dt>d</dt>
  <data>
    -1.6112869332157131e-01 1.8160067154881229e-01
    6.6561245931072823e-04 6.0706161913584805e-04
    -8.1255240560368661e-02</data></distL>
<rectL type_id="opencv-matrix">
  <rows>3</rows>
  <cols>3</cols>
  <dt>d</dt>
  <data>
    9.9982171727956648e-01 1.8404969440719857e-02 4.2179089635603602e-03
    -1.8408151659674882e-02 9.9983029862228268e-01
    7.1687471115286830e-04 -4.2039991214465680e-03
    -7.9439081266704885e-04 9.9999084762542889e-01</data></rectL>
<proj_matL type_id="opencv-matrix">
  <rows>3</rows>
  <cols>4</cols>
  <dt>d</dt>
  <data>
    4.7998152455188847e+03 0. 2.0626893005371094e+03 0. 0.
    4.7998152455188847e+03 1.5242285919189453e+03 0. 0. 0. 1. 0.</data></proj_matL>
<wL>4112</wL>
<hL>3008</hL>
<mtxR type_id="opencv-matrix">
  <rows>3</rows>
  <cols>3</cols>
  <dt>d</dt>
  <data>
    4.7220841811282098e+03 0. 2.0544920297126037e+03 0.
    4.7210565432785179e+03 1.5238462135113800e+03 0. 0. 1.</data></mtxR>
<distR type_id="opencv-matrix">
  <rows>1</rows>
  <cols>5</cols>
  <dt>d</dt>
  <data>
    -1.3905447765035453e-01 -1.4725786420035913e-02
    8.1347012848224964e-04 -1.3715907844712581e-04
    4.6922589850822044e-01</data></distR>
<rectR type_id="opencv-matrix">
  <rows>3</rows>
  <cols>3</cols>
  <dt>d</dt>
  <data>
    9.9996738033956334e-01 -2.5455688610409657e-03
    -7.6653986200904776e-03 2.5397756024796636e-03
    9.9999648183984802e-01 -7.6540696066784762e-04
    7.6673200481156018e-03 7.4591360095413429e-04 9.9997032746786030e-01</data></rectR>
<proj_matR type_id="opencv-matrix">
  <rows>3</rows>
  <cols>4</cols>
  <dt>d</dt>
  <data>
    4.7998152455188847e+03 0. 2.0626893005371094e+03
    -3.9292710299301846e+05 0. 4.7998152455188847e+03
    1.5242285919189453e+03 0. 0. 0. 1. 0.</data></proj_matR>
<wR>4112</wR>
<hR>3008</hR>
<baselineLR>8.1862964071347506e+01</baselineLR>
</opencv_storage>
