<?xml version="1.0"?>
<opencv_storage>
<mtxL type_id="opencv-matrix">
  <rows>3</rows>
  <cols>3</cols>
  <dt>d</dt>
  <data>
    4.7541987803371012e+03 0. 2.0765724177829397e+03 0.
    4.7482227348067445e+03 1.4664071079297471e+03 0. 0. 1.</data></mtxL>
<distL type_id="opencv-matrix">
  <rows>1</rows>
  <cols>5</cols>
  <dt>d</dt>
  <data>
    -1.5706523449258356e-01 2.0702381233647035e-01
    -9.1780635946778297e-04 1.0944814898872534e-03
    -1.6387024526347463e-01</data></distL>
<rectL type_id="opencv-matrix">
  <rows>3</rows>
  <cols>3</cols>
  <dt>d</dt>
  <data>
    9.9990215709066199e-01 1.3940673033221497e-02 1.1549375836733206e-03
    -1.3939799464770152e-02 9.9990254668198919e-01
    -7.6100575183127620e-04 -1.1654339635363731e-03
    7.4483169450379676e-04 9.9999904349425428e-01</data></rectL>
<proj_matL type_id="opencv-matrix">
  <rows>3</rows>
  <cols>4</cols>
  <dt>d</dt>
  <data>
    4.7915702128629482e+03 0. 2.1068508605957031e+03 0. 0.
    4.7915702128629482e+03 1.4719358367919922e+03 0. 0. 0. 1. 0.</data></proj_matL>
<wL>4112</wL>
<hL>3008</hL>
<mtxR type_id="opencv-matrix">
  <rows>3</rows>
  <cols>3</cols>
  <dt>d</dt>
  <data>
    4.7529663049626261e+03 0. 2.0860293111613414e+03 0.
    4.7464487075779398e+03 1.4820687167144017e+03 0. 0. 1.</data></mtxR>
<distR type_id="opencv-matrix">
  <rows>1</rows>
  <cols>5</cols>
  <dt>d</dt>
  <data>
    -1.5083821564880381e-01 1.7460504150971748e-01
    -3.9785297558865188e-04 1.1213952519736616e-03
    -1.6125852843920432e-01</data></distR>
<rectR type_id="opencv-matrix">
  <rows>3</rows>
  <cols>3</cols>
  <dt>d</dt>
  <data>
    9.9995572410792977e-01 -2.9693236722551524e-03
    -8.9293303620980452e-03 2.9760461294526981e-03
    9.9999529801658760e-01 7.3965813147775514e-04 8.9270920921356318e-03
    -7.6619948151684849e-04 9.9995985917692365e-01</data></rectR>
<proj_matR type_id="opencv-matrix">
  <rows>3</rows>
  <cols>4</cols>
  <dt>d</dt>
  <data>
    4.7915702128629482e+03 0. 2.1068508605957031e+03
    -3.9199093229363929e+05 0. 4.7915702128629482e+03
    1.4719358367919922e+03 0. 0. 0. 1. 0.</data></proj_matR>
<wR>4112</wR>
<hR>3008</hR>
<baselineLR>8.1808450023614697e+01</baselineLR>
</opencv_storage>
