<?xml version="1.0"?>
<opencv_storage>
<mtxL type_id="opencv-matrix">
  <rows>3</rows>
  <cols>3</cols>
  <dt>d</dt>
  <data>
    4.7372917275279906e+03 0. 2.0379380641214536e+03 0.
    4.7366672448492664e+03 1.5129295824773383e+03 0. 0. 1.</data></mtxL>
<distL type_id="opencv-matrix">
  <rows>1</rows>
  <cols>5</cols>
  <dt>d</dt>
  <data>
    -1.5659518743868198e-01 1.9346853331098685e-01
    8.2490005029265735e-04 7.1459563370881475e-05
    -2.1760080583276228e-01</data></distL>
<rectL type_id="opencv-matrix">
  <rows>3</rows>
  <cols>3</cols>
  <dt>d</dt>
  <data>
    9.9988110021872190e-01 1.2991201397211546e-02 8.3074732413296673e-03
    -1.2987883648730852e-02 9.9991555118006903e-01
    -4.5319596812994295e-04 -8.3126592451122083e-03
    3.4524558735516818e-04 9.9996538965194137e-01</data></rectL>
<proj_matL type_id="opencv-matrix">
  <rows>3</rows>
  <cols>4</cols>
  <dt>d</dt>
  <data>
    4.7822230369876488e+03 0. 2.0232252655029297e+03 0. 0.
    4.7822230369876488e+03 1.5206454620361328e+03 0. 0. 0. 1. 0.</data></proj_matL>
<wL>4112</wL>
<hL>3008</hL>
<mtxR type_id="opencv-matrix">
  <rows>3</rows>
  <cols>3</cols>
  <dt>d</dt>
  <data>
    4.7302524097086598e+03 0. 2.0365392909774603e+03 0.
    4.7280700440460432e+03 1.5252591092149937e+03 0. 0. 1.</data></mtxR>
<distR type_id="opencv-matrix">
  <rows>1</rows>
  <cols>5</cols>
  <dt>d</dt>
  <data>
    -1.5588336358528790e-01 2.0007024341301635e-01
    1.0079273379985665e-03 -4.3262315510391380e-04
    -2.5759692888051128e-01</data></distR>
<rectR type_id="opencv-matrix">
  <rows>3</rows>
  <cols>3</cols>
  <dt>d</dt>
  <data>
    9.9997932257416222e-01 -5.0071366612527814e-03
    -4.0352207592000439e-03 5.0087472623981952e-03
    9.9998738043515201e-01 3.8912890393332671e-04 4.0332214148691634e-03
    -4.0933225868004325e-04 9.9999178275229872e-01</data></rectR>
<proj_matR type_id="opencv-matrix">
  <rows>3</rows>
  <cols>4</cols>
  <dt>d</dt>
  <data>
    4.7822230369876488e+03 0. 2.0232252655029297e+03
    -3.9131228290379490e+05 0. 4.7822230369876488e+03
    1.5206454620361328e+03 0. 0. 0. 1. 0.</data></proj_matR>
<wR>4112</wR>
<hR>3008</hR>
<baselineLR>8.1826439268354335e+01</baselineLR>
</opencv_storage>
